334.937 0.015039099952155452 0.0018693292289277384
337.206 0.014607506615542472 0.0014115250496769885
339.475 0.015150174660280624 0.0016562938142629855
341.743 0.01291949459790296 0.0018360332041577347
344.012 0.013098354758431007 0.0015963380549840233
346.279 0.01358992797179101 0.001976041965036298
348.545 0.01310058909967275 0.0013695941010121518
350.811 0.012694118824934384 0.0017622859826559093
353.078 0.012384989257848622 0.0015702802898936144
355.343 0.012765895634403413 0.0014479661323386712
357.607 0.010553127214317651 0.0011817574641715776
359.8709999999999 0.011335790885640075 0.0016007203284853094
362.135 0.012851218561586013 0.0014752200084790779
364.39799999999997 0.011185239890438283 0.001921192774730352
366.661 0.010366948672473073 0.0011737161132711115
368.924 0.009741681623578738 0.001427155040490699
371.186 0.010933466355003826 0.0016518033664350794
373.4460000000001 0.008939264978406603 0.0013273777779764918
375.70700000000005 0.008196577921721626 0.0014792526031473894
377.9669999999999 0.010029279150302228 0.0014497093402318373
380.228 0.00880241612200895 0.0011944224427220729
382.48600000000005 0.009007310968338527 0.000968581317664564
384.74500000000006 0.008242953408055293 0.0015649501904262903
387.0040000000001 0.007275498538284715 0.0012726079066986615
389.261 0.008305294402676583 0.0012112281990844717
391.52 0.007522702176727874 0.0010749202835643027
393.776 0.008043145968617575 0.0012917992796248016
396.0330000000001 0.0069119836462221106 0.0009580864706853824
398.288 0.006691012179411794 0.001067248202398447
400.54299999999995 0.007622468597672376 0.000821865302943415
402.799 0.008185751761985471 0.0012989072313906347
405.05300000000005 0.006646754471461236 0.0012351400574151113
407.307 0.005565820294059147 0.0008228656354331417
409.56 0.005633106633698613 0.000789487764855089
411.814 0.00507304488147507 0.0007865383655476407
414.066 0.004989432386877075 0.0009681510320843048
416.318 0.006019444097998375 0.0011743933240647075
418.57 0.004117216839448449 0.0011384776030815044
420.8210000000001 0.002972160188390549 0.0007799840490500081
423.0710000000001 0.0026322039918949512 0.000779631259854237
425.3210000000001 0.003652171854157145 0.0005809845901934396
427.5710000000001 0.002766743706159716 0.001169619457250792
429.82 0.0035502451441172915 0.0006558099492703384
432.068 0.0026271708214264337 0.0008492671487879321
434.316 0.0022395259123209384 0.0007050172729272905
436.564 0.0026164476982418745 0.0009908326970158871
438.81200000000007 0.0018197073479808631 0.0007242562948183454
441.057 0.0014156001318051826 0.0011995541400253477
443.3039999999999 0.0014248074254990587 0.000980605219418375
445.549 0.001740147477233931 0.0009364674767344234
447.795 0.0026796462912964353 0.0014509548079574234
450.038 0.0010994975195549404 0.0012117021286303807
452.28399999999993 0.0006646466031061347 0.0008206259301289198
454.527 -0.0008793925039905212 0.0007670443485734566
456.771 0.0004457790788962923 0.0009227196283910175
459.013 -0.00033581419123766685 0.0008214313638065565
461.25499999999994 -0.00123172370675413 0.0007987746208858447
463.4959999999999 -0.0021024015419138908 0.0013931132060787277
465.739 -0.0002623923607023725 0.0011370472289631884
467.979 -0.0019642109455813273 0.0009360347091574199
470.219 -0.0007110079969743021 0.0008174312841112627
472.459 -0.0015688557466512114 0.0008795656675925316
474.69800000000004 -0.00201995293093803 0.0009689976290787201
476.93700000000007 -0.0024601221559335394 0.001082136758325678
479.175 -0.001903151246825387 0.0011990570306498085
481.413 -0.004132857247307714 0.0011682916935682928
483.651 -0.004429525506437299 0.0010982316694746848
485.888 -0.0030330088230207143 0.0010679163519897292
488.123 -0.003608926479413217 0.0011305253343887281
490.359 -0.0036231831874777103 0.0009572589029599739
492.595 -0.004411970931111074 0.0008533065426182186
494.83099999999996 -0.006328827754809797 0.0010055751821431483
497.064 -0.0049180713735665045 0.0013083472224371655
499.299 -0.00576808126167338 0.0010406518795315878
501.531 -0.004398194160865214 0.0014135272327232915
503.76500000000004 -0.004916472118391583 0.0012993431618451353
505.997 -0.006018607988917336 0.001265880521601498
508.23 -0.005239420416070288 0.001168662278067868
510.461 -0.004475224575586401 0.0008719442369494287
512.693 -0.006430172901497978 0.0008776802723206568
514.923 -0.0059646042597529545 0.0010389431299069514
517.152 -0.006895443101352154 0.0009475311138392293
519.382 -0.005259363209343802 0.0012182530238155854
521.612 -0.0057256389113762495 0.0010101522981068114
523.841 -0.0067183996504264895 0.001059813100465499
526.068 -0.006721636947535764 0.0009530646109677499
528.296 -0.006752663475009396 0.0013547905678657813
530.523 -0.007140095662691409 0.0007282314616775762
532.75 -0.006319297120685129 0.0008191174083934794
534.976 -0.007564646795131078 0.0011376740514753207
537.202 -0.00716187825307845 0.0014758953785692544
539.428 -0.006798974769665563 0.0010955838153761356
541.651 -0.007285325989308697 0.0014230803943510145
543.875 -0.006990631773999753 0.0012242624903751784
546.1 -0.007274094073249186 0.0011063219823768797
548.324 -0.007392099293092834 0.001113130931590778
550.545 -0.007008964288856347 0.0012154628999202384
552.768 -0.006787811001701075 0.0008901321819557241
554.989 -0.007216512426076818 0.0012005002617851447
557.211 -0.006641995713562253 0.0009219091213795379
559.431 -0.0062077673673116675 0.0009543391777512224
561.653 -0.007208261790464323 0.0014810033091899684
563.872 -0.006382315634297806 0.001158790148235471
566.093 -0.008681918278914956 0.0014759846127534156
568.311 -0.006227890674519956 0.0016217794740720456
570.529 -0.007880721146636169 0.0011680901500605403
572.748 -0.006038587877397045 0.0014342104541975019
574.966 -0.006513774055337371 0.0012178823992301491
577.182 -0.007760617876951366 0.0011938425522941658
579.399 -0.006931364176698644 0.0010076797243388988
581.615 -0.00606780669569511 0.0011967696446923025
583.83 -0.007068218146780918 0.0006659011141453568
586.045 -0.006512435225217226 0.001302430539398718
588.26 -0.005654536893077954 0.0011527270268444994
590.474 -0.006486514970196357 0.00174716544873402
592.688 -0.0071033194960687775 0.0014739581124422138
594.902 -0.006749327570511638 0.0013549666772137633
597.113 -0.006914877478306555 0.0010379073823065224
599.326 -0.006619575217462186 0.0012945888676525723
601.538 -0.007991260324091238 0.0013696801989514134
603.75 -0.007016271026383095 0.0014010851711359386
605.96 -0.007815492887136415 0.0011801947315410424
608.171 -0.008227145971670593 0.0010610200026420125
610.38 -0.0072049544409373 0.0009108428969584413
612.59 -0.006438101575600944 0.0012095570132515325
614.798 -0.006976999622279334 0.0015163755213333041
617.007 -0.007488315612675753 0.0017076008809430458
619.215 -0.006778788324354708 0.0014228722706705298
621.422 -0.008555161403731994 0.0011292278640288014
623.628 -0.007181877919431406 0.001468641159766912
625.836 -0.007961729766623038 0.0013417368232357249
628.041 -0.006893189375087639 0.0013108956248342317
630.247 -0.007684883108538373 0.0016254284032700943
632.452 -0.007480071101845662 0.0012654655744925383
634.656 -0.008560369557540767 0.0015324461230358953
636.86 -0.00839898819598555 0.0009545174491168874
639.064 -0.009388915518470117 0.0011154520963917716
641.267 -0.009216727661729885 0.0012096352751085543
643.47 -0.008041407649413189 0.0014243505138174229
645.672 -0.009090043472380608 0.001113311080132755
647.874 -0.008045802958121217 0.001174580860009408
650.074 -0.009096626524373827 0.0014036650842218985
652.275 -0.008179619138818017 0.0013901446901553125
654.476 -0.007591176328107692 0.0010269308851635593
656.676 -0.008545344154732635 0.0011962618317308438
658.875 -0.007881260371460719 0.0014621057421464947
661.074 -0.008479274241750137 0.0015003415205903836
663.272 -0.008482529871089948 0.0011686984038264926
665.471 -0.00951849989503103 0.0013723029271809617
667.667 -0.009212691504445878 0.0016178820669207155
669.863 -0.007534894809196187 0.0010214503574517233
672.061 -0.007422821179545059 0.0013749413027754895
674.256 -0.008532068792362166 0.000723605867430692
676.451 -0.008450202531715656 0.0014548646468508402
678.648 -0.008029687140936053 0.001364309224928693
680.842 -0.008133514654098027 0.001526103647034911
683.036 -0.007834777541365714 0.0014601093741898972
685.2289999999999 -0.008240617715409182 0.001439243465743086
687.422 -0.007068191788169605 0.00119440682321253
689.6150000000001 -0.007880844988322028 0.0008513643984168392
691.8070000000001 -0.009096540880048049 0.0010040678896728835
693.9990000000001 -0.007509740845891985 0.001191401533109498
696.19 -0.0059540257474453495 0.0012430297943620634
698.38 -0.007251332743624078 0.0010876214215778258
700.57 -0.006841830017948723 0.0010706368045278031
702.7599999999999 -0.006559524664745849 0.001146891426513702
704.9500000000002 -0.006039286500046312 0.0013994481946623639
707.138 -0.006393916218159326 0.001480623656661505
709.3269999999999 -0.005866737030083637 0.001682595064117814
711.516 -0.006175892178063281 0.0012024110888481118
713.7019999999999 -0.00570103557088015 0.0012932757725525662
715.89 -0.006024857519026383 0.0014371669744113631
718.076 -0.005519357299918558 0.0013595112045052262
720.261 -0.005119143510061805 0.0009562708729337422
722.448 -0.006552516181332769 0.0009374682136608384
724.632 -0.006119309744712455 0.0007545283195024374
726.8160000000001 -0.006419614219351446 0.0011348545147608937
729.0 -0.006232673242269854 0.0009919093200372717
731.185 -0.005520199731632064 0.0009520695002062386
733.368 -0.0056194164130267885 0.001301967514118064
735.5499999999998 -0.006498700524770259 0.0016539678396057923
737.732 -0.003295349231209346 0.0013647451135430572
739.9140000000001 -0.0031089826575958924 0.001396769586609653
742.0949999999999 -0.0033611794548855157 0.001126335268052822
744.276 -0.0053750377955938825 0.0007762743091449778
746.457 -0.004343111540719508 0.001210501605058816
748.6349999999999 -0.004026439588194445 0.001574156860467531
750.815 -0.003281866125531316 0.001029940790589396
752.994 -0.0036222229883039734 0.001357880746270374
755.1730000000001 -0.003854883967014637 0.0012552958691743105
757.35 -0.003123881690448778 0.0008926076739821121
759.5279999999999 -0.0025420373140346993 0.0009953602578180892
761.7040000000001 -0.003407536467459215 0.0010751032601874545
763.881 -0.0030565294165569895 0.0012836450877701444
766.056 -0.00343702436684985 0.0012496292856524706
768.2329999999998 -0.004006143555279191 0.0007563398943182155
770.407 -0.002975601271610726 0.0016331202767586883
772.583 -0.0020754723246566623 0.0007612962598360396
774.757 -0.0015317045648633003 0.000606824170112496
776.93 -0.0024715129185598032 0.0011719798445001745
779.103 -0.004348419675335184 0.0010305353339957635
781.275 -0.0008802453015985088 0.000999063444956746
783.449 0.0008914336393590879 0.0011051657924787577
785.62 -0.002027710240749638 0.0007833651556143751
787.792 -0.0010774331646427177 0.0016491622233851212
789.962 -0.001357074438247164 0.0011973879088178747
792.1330000000002 -0.0018224746903644435 0.00142916213101784
794.303 -0.001750867969387637 0.0012503797503912691
796.471 -0.0009907499503232495 0.0006975118101205393
798.64 -0.002906935661055225 0.0008498281996450087
800.8089999999999 -0.0017930242489623237 0.0008048122428117375
802.977 -0.0009786620393465366 0.0014651756168494246
805.1439999999999 -0.0012242171605725436 0.0011865815691269033
807.311 -0.0014312204481086576 0.0010750230043584154
809.4789999999999 -0.0007140776417662074 0.0009009878587614038
811.6439999999999 -0.00021347750101168776 0.0009577938764770121
813.81 -0.0007811047830274836 0.0013067481250355834
815.975 -0.0012482903789576571 0.001240942532161586
818.139 0.0001024085080548579 0.001347915262934156
820.304 -3.196999099292997e-05 0.0012890367181381203
822.467 -0.0014617328001809426 0.0009400069785259358
824.63 0.00023682772085219356 0.0011504160135566736
826.794 0.0011295128700672705 0.0011012428352000954
828.956 0.0009669773039437051 0.0010952705919790946
831.118 -5.451268364972643e-05 0.0011715671031872381
833.279 0.0013397592487376121 0.0010290017791752461
835.44 0.001817478513786942 0.0009821632560506682
837.6 -0.0004830652264867332 0.0013954593174221718
839.761 0.0005251915017497657 0.001323853198623465
841.92 0.0014809280233390783 0.0010536172194519266
844.08 0.002048094940971228 0.0006695640899145797
846.2379999999999 0.0007286272374418427 0.0010601017498053321
848.395 0.0013165632318129377 0.0008117169019408132
850.553 0.0016163648669218704 0.0011573581498597089
852.7109999999999 0.001632750538805787 0.0012091442428236374
854.868 0.0014777574606649971 0.0013206018407954858
857.023 0.0017903639505994072 0.0014379208893545838
859.18 0.0015416127662419747 0.0009529105791508492
861.334 0.0017863829892390056 0.0013902501617654055
863.4900000000001 0.0012468712926475775 0.0011302724438876988
865.6439999999999 0.000446720470692281 0.0010825662574732754
867.797 0.003302979245624895 0.0007751426743546425
869.9519999999999 0.0026076073722857977 0.0010422739810059772
872.1039999999999 0.003392328078649252 0.0012756459839904715
874.256 0.0026268654499562675 0.001100441218212562
876.41 0.0040891343532523695 0.0010646093675240967
878.561 0.0008156180930651147 0.000930886224961379
880.712 0.003188900012113451 0.0013862561703145068
882.8629999999999 0.002036043669295893 0.0008558480484811451
885.013 0.002388751967112344 0.0005006066236730897
887.1619999999999 0.003227557501229324 0.0007859445842293076
889.312 0.003518605800156803 0.0008485126500751009
891.4609999999999 0.0033750259030227263 0.0011131553424056763
893.6079999999998 0.004372666857915002 0.0011764111413898445
895.756 0.0029585180860815853 0.0011062673930302513
897.904 0.0017717671282869794 0.0012377816262151176
900.051 0.004439861778276298 0.0013216604322681205
902.196 0.002890963953085486 0.0011464600031298254
904.343 0.003542969146577765 0.0008654416543101704
906.4879999999999 0.003308856485785871 0.0011649332984556646
908.634 0.0036619809167763324 0.0007058645578215061
910.777 0.005294798968598375 0.000943862905483395
912.922 0.003678355277572555 0.0011970481204474077
915.065 0.0035713054228613747 0.0015009167772694792
917.208 0.0031868673023155956 0.0016423571012648232
919.352 0.003122843301321556 0.0013892726611486174
921.494 0.0029616141825109265 0.0011980336826045224
923.6349999999999 0.00445793569797799 0.0010677423434946297
925.776 0.004316759815349416 0.0014798852693055607
927.917 0.003617311042016666 0.0012674322013238538
930.0570000000001 0.004341912860215028 0.0011446241406449576
932.197 0.003550029065368254 0.0009875716944147842
934.337 0.004564769402254072 0.0008430078854515536
936.476 0.0046446838407613175 0.0015526471848749306
938.6150000000001 0.004443033162498318 0.0009360305215529639
940.753 0.003988430480301106 0.0012170876546691997
942.891 0.00378409483196594 0.001897880138500203
945.029 0.004639309722555275 0.0018232827485311508
947.1640000000001 0.004521151117020801 0.0009549115928698245
949.301 0.004170756488882265 0.0005672793298462667
951.436 0.0055469514394676485 0.0014832499242034374
953.572 0.004517481948812894 0.0011810030064840266
955.706 0.0051282532609231305 0.0014688650603041653
957.841 0.005146442258947457 0.0016984549736488242
959.974 0.004752414363540391 0.0006992360706178443
962.109 0.004528563870973557 0.0011135504475272729
964.241 0.004166758325068708 0.0009226665436070035
966.373 0.004036858010083711 0.0011524870781778657
968.505 0.004875789993553669 0.001350800183812455
970.638 0.005526331549711393 0.0013975495070270782
972.7689999999999 0.0061985011786136685 0.0012182378968183716
974.899 0.006650610051664389 0.0014400689037206069
977.029 0.0056580527032464795 0.0016167831950296464
979.159 0.005946429651549883 0.0015569388026676811
981.288 0.006762627113967283 0.0011487034102069442
983.417 0.006776026601711596 0.0012669150261734633
985.5459999999999 0.007189232491651191 0.0013403329123631593
987.672 0.007006229904885267 0.0011306303875232191
989.7999999999998 0.006028800546171672 0.0010720030488772128
991.928 0.007518397788759537 0.001475916802679089
994.053 0.006167821135557895 0.0011934782498017368
996.18 0.00598263791033096 0.0015667048580480147
998.306 0.006244599364595763 0.0015513630733563143
1000.43 0.0072148978414226725 0.0016976600575415385
1002.56 0.006614524368573688 0.0016106048878724406
1004.68 0.00722830044453417 0.0013562954451991844
1006.7999999999998 0.007030413776285396 0.0008698639417118061
1008.93 0.00532925483934694 0.0009053084554255735
1011.0499999999998 0.005740624070227666 0.0012350448185612112
1013.17 0.007813674711419347 0.000864807044966737
1015.29 0.006547896556896198 0.0006679081588958882
1017.42 0.006102124726197425 0.0016037987410932961
1019.54 0.00764708663505539 0.0011137098035719514
1021.66 0.007652848694701595 0.0012618938487227013
1023.7800000000001 0.0073896514916504214 0.0019006871429535068
1025.9 0.0064272348377196545 0.002018456744604799
1028.02 0.006698919391122722 0.0009002012541238593
1030.13 0.006519772151330964 0.001389708087013341
1032.25 0.007516071487880221 0.0017565818913639897
1034.37 0.008107525718430196 0.0014341285335574428
1036.49 0.007540004619078266 0.0010023510203685567
1038.6 0.005843481703272321 0.0019912091475907676
1040.72 0.0069384665340991485 0.001266570140960016
1042.84 0.006370129701209115 0.0015977318026980057
1044.95 0.005502274634928944 0.001168335831665434
1047.07 0.007442197292723354 0.000981346275028999
1049.18 0.00670085554059737 0.0012881114997473086
1051.29 0.006990934417185041 0.0015901067620563778
1053.41 0.00801979194278451 0.0011100190786551252
1055.52 0.007173264668347678 0.0018802797905330684
1057.63 0.006584683850244029 0.0009233282566936197
1059.75 0.007318233328625848 0.0013344220943407113
1061.86 0.008126000334058045 0.0016888466931367881
1063.97 0.0082148452847386 0.0013236157036730133
1066.08 0.007189534392532555 0.0016898084083487748
1068.19 0.007275899231203284 0.0011719569870639048
1070.3 0.00738344610704781 0.001210403106363267
1072.41 0.005642497076019479 0.001546801047415211
1074.52 0.007533440641019705 0.0013489719097773366
1076.63 0.00828053895529242 0.0013942665548588174
1078.74 0.008293812188353691 0.0016184225337141462
1080.84 0.007925104100294355 0.0015798567237971467
1082.95 0.007694146202456555 0.001042476481779015
1085.06 0.008326366757558625 0.0010326534120849173
1087.16 0.006669925184607982 0.00151929366235754
1089.27 0.007260793163597922 0.001382698596726404
1091.37 0.008059062521380658 0.0009364978497353842
1093.48 0.007666234268479698 0.0013949569729796083
1095.58 0.009500737304324002 0.0012143787362142325
1097.69 0.008661294897410559 0.0013335044740033772
1099.79 0.006227354435676163 0.0013459561769765805
1101.89 0.008318657657234253 0.0011745791346137264
1104.0 0.007000370808593312 0.0020857720127092252
1106.1 0.009379104133154098 0.0016895746139847787
1108.2 0.008646711419479916 0.0010425728091281593
1110.3 0.00741762635323331 0.001626894219574928
1112.4 0.0091409092870713 0.0013958829872276139
1114.5 0.010962455983786505 0.0017678323849363387
1116.6 0.007110227655972331 0.001483737916630483
1118.7 0.00896586010419122 0.0011314005602221465
1120.8 0.0092084982853158 0.0010541078924185257
1122.9 0.009305832010071572 0.0015661987949298353
1125.0 0.007938193681081436 0.0018070954625604714
1127.09 0.008143105497333885 0.0011085710554665543
1129.19 0.008630237316014968 0.001421876374749084
1131.29 0.007257858446462521 0.0009879440968511436
1133.39 0.009447471686610925 0.0012075741255157923
1135.48 0.007282756390210171 0.0016168267497786908
1137.58 0.00883821765489294 0.0012214711105510104
1139.67 0.008068325232431865 0.0014048001530421533
1141.76 0.007820058427143835 0.0017319296979383624
1143.86 0.008325174708073386 0.0018013176674942504
1145.95 0.006959582697078376 0.001629893263810771
1148.05 0.00762282231255364 0.0009956108732600798
1150.14 0.008761395369801455 0.001869398352484706
1152.23 0.006870999521801438 0.0011883337186026483
1154.32 0.005874012615083999 0.0018415597847006944
1156.41 0.007302581229849537 0.0012467841980383495
1158.5 0.0074770552031441445 0.001216049403834171
1160.59 0.008642104646274287 0.0012840584081795297
1162.68 0.007370471866280637 0.0010546246073656709
1164.77 0.0083761652869921 0.0014579090050661078
1166.86 0.0076284412108975136 0.0018313132024305265
1168.95 0.007882192585677452 0.0011213043777687207
1171.04 0.007784547696996405 0.00146735115113292
1173.13 0.006328885331086029 0.0018407173223795599
1175.21 0.006359519357904106 0.001478090974935977
1177.3 0.008488048438298217 0.0013604394156989605
1179.39 0.00600075925696604 0.0015895037915099912
1181.47 0.006776318357909927 0.0016974244360787986
1183.56 0.007533041234077863 0.0007351620350088089
1185.64 0.007309029971542573 0.0011228388346787431
1187.73 0.0062317022106816175 0.001401235028033369
1189.81 0.007183110174948923 0.0017799687289364373
1191.89 0.009210937974375883 0.0010796591814779839
1193.98 0.007502052366492938 0.0009907433319308128
1196.06 0.007385033138561328 0.0014581335158683746
1198.14 0.00832600059308926 0.0009493854089835317
1200.22 0.007905362418066985 0.0013982263340441747
1202.3 0.008060401363749916 0.0014385478800100285
1204.39 0.008636385060795653 0.0006745615373169495
1206.47 0.006662199484730511 0.0011607269877213322
1208.55 0.008226079691557942 0.001024316942558507
1210.63 0.008217033438056002 0.0009823066182615824
1212.7 0.007272774520458741 0.0017024255394752592
1214.78 0.007120622656876509 0.0018160379226431266
1216.86 0.006630939065064886 0.001417294938406792
1218.94 0.008581465020026456 0.0014030213972710387
1221.02 0.007819027692539301 0.002090809175653691
1223.09 0.007866773748758356 0.0007715641458689218
1225.17 0.00823480071179535 0.0012444353884966685
1227.24 0.008231339423388726 0.00174531616606329
1229.32 0.005539031765011348 0.0011610828971320934
1231.39 0.008919530178687449 0.001115010061163574
1233.47 0.007073433634241628 0.0013225362129699496
1235.54 0.008150284133426286 0.001477298706018942
1237.62 0.006987739746246696 0.0015886221079026736
1239.69 0.005990227713729976 0.0010114954335681628
1241.76 0.008557275415044833 0.0014009951156580774
1243.83 0.008813641400580585 0.0015956795763262682
1245.91 0.008507289708067502 0.0010866417409377265
1247.98 0.0073150499123074185 0.001410139786202065
1250.05 0.00707661200062447 0.0010160489955487134
1252.12 0.008072997631553778 0.001178856832274159
1254.19 0.006985183342914247 0.0013029621321637992
1256.26 0.007787678097475086 0.0011579168519115712
1258.33 0.007724915142945574 0.0016918178911293428
1260.4 0.0074775471745280216 0.0013629843361339566
1262.46 0.005881492455054457 0.001773112583224404
1264.53 0.008455468366757818 0.0011730890410689475
1266.6 0.007557045867567822 0.0013055890941471705
1268.67 0.00782919633735364 0.0015229891312112615
1270.73 0.007559898668270668 0.0009429214325116668
1272.8 0.0063800213278073885 0.0011359103488198265
1274.86 0.00699757937021599 0.0008394180422336164
1276.93 0.006862503061316566 0.0015832527288540494
1278.99 0.006001521763097139 0.0010158076555479725
1281.06 0.006211113630814203 0.0010603971623352243
1283.12 0.0060729058583417666 0.001478657716201711
1285.19 0.004483010783677633 0.0011243028511802953
1287.25 0.006816845533635767 0.0011635975086141737
1289.31 0.0047825495925897625 0.0013274152080158506
1291.37 0.004800028157794993 0.0012604554832838205
1293.43 0.005824992937176438 0.001059066193694408
1295.49 0.004268196440881402 0.0013448897394326559
1297.55 0.004785808840999643 0.0013690635239002281
1299.62 0.004976561788707628 0.0012252843194251394
1301.67 0.004814312527114332 0.001267770670110097
1303.73 0.004819396667711344 0.0016234336213130553
1305.79 0.004216948152074163 0.001446629646831161
1307.85 0.005204980287892105 0.0013746244603959213
1309.91 0.004025293062675636 0.001486342315048748
1311.97 0.004939220898018712 0.0016739121807129648
1314.02 0.0066101250012855625 0.0017714129620387397
1316.08 0.005392488915600013 0.0010703776353848218
1318.14 0.006353365000392428 0.0009066872757850067
1320.19 0.0043212815128805095 0.0016556109564182242
1322.25 0.003761477335360383 0.0013661911199064557
1324.3 0.003816239782099958 0.0016077511195666174
1326.36 0.004157277369562337 0.0011890123192125513
1328.41 0.0037231964460452543 0.0012682899420641029
1330.46 0.004551427581723155 0.0014740526795729784
1332.52 0.00592593999016075 0.0016898174675497504
1334.57 0.004236802181832228 0.0010589723297512277
1336.62 0.004088127559386342 0.0011803744427239997
1338.67 0.0029700494102271463 0.0011555877853035973
1340.72 0.003938995928914422 0.0011828450514152857
1342.77 0.004482220018137706 0.0011485666795597851
1344.82 0.004442385334214431 0.0009987971460094299
1346.87 0.0038312806045066178 0.001586329875927206
1348.92 0.004110036965687912 0.0015014393022746728
1350.97 0.002751057846679219 0.0019172473042895694
1353.02 0.004507267472499178 0.0015737873456009716
1355.07 0.002660440963872831 0.0015935145797478954
1357.12 0.0031193038676178148 0.0017228072902913392
1359.16 0.0032234901322225826 0.0015830198195135351
1361.21 0.0037396923472443285 0.0011691589617445393
1363.26 0.002202028050293086 0.0012724275951948368
1365.3 0.0022133196229650993 0.0014860788721492212
1367.3499999999997 0.0032750663098064883 0.0013721016082638695
1369.39 0.0026204928417158844 0.0018454021306429753
1371.4399999999998 0.002924457219383843 0.0015675750009971642
1373.4800000000002 0.0020122458958950853 0.0017682712558724212
1375.5199999999998 0.0018483761049838908 0.0013392772949995012
1377.57 0.002764071172418637 0.0014689849370826188
1379.61 0.0002988263712334303 0.0018899860294245188
1381.6500000000003 0.003237777236696375 0.001063621238463165
1383.6899999999998 0.00124862031850879 0.0015179842093612456
1385.74 0.0023648199350328886 0.0014576760579499833
1387.78 0.0013133917144467395 0.0011635909152209766
1389.82 0.0020358358751630576 0.0014308053892965076
1391.86 0.002632909651116957 0.0020699105443816174
1393.9000000000003 0.0009261903331562298 0.0016746390881780926
1395.9399999999998 0.00226653581222281 0.0013403968998090402
1397.97 -2.4871105477048776e-05 0.0010526650681512032
1400.01 0.0014570188784414073 0.0016270156771190888
1402.05 -0.0006857478716963938 0.0011214091412150018
1404.09 0.0014999570576996028 0.0012065277455846877
1406.13 0.0008577977661824686 0.0011362034192090333
1408.16 0.0006337757605148023 0.0016514461608081365
1410.2 -0.00029247877044023124 0.0015144040379258927
1412.2300000000002 -0.0012884439117785002 0.0010643293031134678
1414.2699999999998 -0.0010029892716058458 0.0016725626610150878
1416.3 0.0001250040486234054 0.0011959327374559652
1418.34 -0.002920256210546663 0.0014470084989212228
1420.37 0.0006039658313663638 0.0015286691926014297
1422.41 -0.0021796467154326904 0.0011501928186806122
1424.4399999999998 0.0008057939256959889 0.0018633722331041853
1426.47 -0.0013004531321442147 0.0014924395709512825
1428.5 0.0011150392484841332 0.0014523731576267596
1430.53 -0.00038726193743595397 0.001223297459420857
1432.57 -0.0015748478354220621 0.0011523416258096238
1434.5999999999997 -0.001259686217259948 0.0014224192206392051
1436.63 -0.0006363749005411796 0.0013477469544774464
1438.66 -0.0019272374452590363 0.0015215877172972266
1440.6899999999998 -0.0019701251498879177 0.0015744294455857545
1442.71 -0.0027014461717886685 0.0010953755417969506
1444.74 -0.00034088783350146495 0.001315514449415563
1446.7699999999998 -0.0033382010499590302 0.0018971914407141888
1448.8 -0.003353677985261016 0.0012808062615469278
1450.83 -0.001604617716316644 0.0013525786668172135
1452.8499999999997 -0.0015511996977217446 0.0009291472198642422
1454.88 -0.002225904986932583 0.001129929617289782
1456.91 -0.003802513578602162 0.0008920341413458069
1458.93 -0.0017972576329781213 0.0010804622895372582
1460.96 -0.002647429066684232 0.0011268684079668934
1462.9800000000002 -0.0012943615820425133 0.0015664101124237895
1465.0 -0.0028278311756807285 0.0012785779655188117
1467.03 -0.0014971137737362732 0.0009355814250943425
1469.05 -0.004009479045328588 0.0009083211017305494
1471.07 -0.003322501977149233 0.0012596709322505468
1473.0999999999997 -0.0016088505509766159 0.0015111374287130922
1475.12 -0.003962994756443475 0.0010071979726932118
1477.14 -0.004059299459061694 0.0012595534723394914
1479.16 -0.004789023107826271 0.0012180721013405446
1481.18 -0.005461971034173718 0.0008326012716430856
1483.2 -0.004022976753328528 0.0015067388684551555
1485.22 -0.00455508815229004 0.0015832745905255943
1487.24 -0.003098976886068502 0.001076954499431245
1489.26 -0.003596988306122034 0.0009046289353972799
1491.28 -0.004498671324546587 0.0012820896395739283
1493.3 -0.003975718422439284 0.0015295187061767042
1495.3100000000002 -0.004653290427366511 0.0011103591192589658
1497.33 -0.005520981738955825 0.001011554056322494
1499.3499999999997 -0.0032645637634117833 0.0010745567012269332
1501.36 -0.0037007264405088634 0.0010340026932553978
1503.38 -0.004214349802081876 0.0011557160978163392
1505.39 -0.00595192876938435 0.0014326275516070377
1507.41 -0.006413090685206429 0.0010285000117334281
1509.43 -0.007325595409186276 0.0008535369335968221
1511.4399999999998 -0.004778026589390722 0.00126960909125146
1513.45 -0.005996965430914973 0.0012390779466566343
1515.47 -0.0057153020115015135 0.0014609150238178194
1517.4800000000002 -0.00728864049231225 0.0009198733784207626
1519.49 -0.007510103583521725 0.0007117039492670202
1521.5 -0.0067604612212624204 0.0013166036455635
1523.51 -0.0067323712100327586 0.0007681247367948429
1525.5199999999998 -0.0052921215581659894 0.0017559088542633391
1527.54 -0.006021730722784578 0.0009884437817762666
1529.54 -0.007191354017746481 0.001094692152272192
1531.5600000000002 -0.006785047126267965 0.0012093197343730126
1533.5600000000002 -0.007375807374775977 0.0015828729567069141
1535.57 -0.007010639844163961 0.002017409968102918
1537.58 -0.008356428562890228 0.0008044946543238832
1539.59 -0.006192318621514227 0.0010279531822447857
1541.5999999999997 -0.007537826532238292 0.0012681268422722227
1543.5999999999997 -0.008325219776032683 0.0013562331775753254
1545.61 -0.007449479598181766 0.0017664939322733699
1547.62 -0.007922032833339929 0.001384697697517246
1549.62 -0.00966999353851474 0.001354287297693724
1551.63 -0.0070807832836597825 0.001221024855926724
1553.63 -0.007423443936127851 0.0010379725588266543
1555.64 -0.008171571615048393 0.0015878729264674118
1557.64 -0.010476225766777968 0.0010504788050421977
1559.64 -0.008145582454891637 0.001222974575187852
1561.6500000000003 -0.008588229842952497 0.0015054351074346144
1563.6500000000003 -0.00865258867039638 0.0009357448413961758
1565.6500000000003 -0.007926339170544734 0.001358884363527225
1567.6500000000003 -0.010399677858976138 0.0020145358124088316
1569.66 -0.007763098792275884 0.0016145812340050464
1571.66 -0.010393757762664858 0.0017127133606054381
1573.66 -0.00903266370478674 0.0013918365929195993
1575.66 -0.010196296280188852 0.0018377204595442572
1577.66 -0.01012277927126351 0.0013466343434835072
1579.66 -0.007552010121946282 0.002050239799301885
1581.66 -0.008845371571426711 0.0017012327003183012
1583.6500000000003 -0.010206016366641422 0.0019005959506354418
1585.6500000000003 -0.007765185615449005 0.002321069142297305
1587.6500000000003 -0.010066507739517774 0.002115857814153108
1589.6500000000003 -0.008833896106832934 0.001670554235001491
1591.64 -0.007146979109405684 0.0014111361578244969
1593.64 -0.009241654858624148 0.001768808597856615
1595.64 -0.008058375115663883 0.001736879630948534
1597.63 -0.011676818431539596 0.0008437242744637305
1599.62 -0.008594989988869683 0.001551914995711004
1601.62 -0.009905925447878374 0.0018420013615807797
1603.61 -0.008189230010015551 0.001765007737615804
1605.61 -0.009203087005275659 0.0015694805361048637
1607.5999999999997 -0.009256681148227051 0.0018694025737445777
1609.59 -0.008349726358764258 0.0026925311727110796
1611.59 -0.009996030567407452 0.0022281104149880072
1613.58 -0.0086816105397084 0.0014996387227412757
1615.57 -0.008517848211179012 0.0021719806842854824
1617.5600000000002 -0.006958336997509769 0.001642677002543281
1619.55 -0.008024409147870233 0.0016326948343730024
1621.54 -0.008260636894409881 0.0018080632095932153
1623.53 -0.007541732071796839 0.002048711299309859
1625.5199999999998 -0.007243951269766531 0.0022538955366837796
1627.51 -0.008216753477966854 0.001844046709764206
1629.5 -0.009073191419713843 0.0017044223519377206
1631.49 -0.009542515907900695 0.0015371887095628556
1633.47 -0.007905270043935054 0.001615789661828188
1635.46 -0.008088832517594357 0.0017887468166709114
1637.45 -0.007544058310104052 0.002394846091767145
1639.43 -0.008535780035771256 0.001199515274497887
1641.42 -0.008567255559194433 0.0012281203968186342
1643.4000000000003 -0.006715305970865513 0.0012926879447633895
1645.39 -0.006979080019140846 0.0015446556900353342
1647.37 -0.007273922083075801 0.001642674370137657
1649.36 -0.007693003916363712 0.0014132135884769035
1651.34 -0.007257481828054497 0.0012768064764514572
1653.32 -0.007313961993651727 0.001303940694179922
1655.3100000000002 -0.006996577849841534 0.001099799556710375
1657.29 -0.0066476164133957745 0.0012111260692574983
1659.2699999999998 -0.006431467119700764 0.0009135883336581639
1661.25 -0.006835704914535075 0.001090046489120092
1663.2300000000002 -0.006637759139996144 0.0012937665786494164
1665.21 -0.006855507416195766 0.0014698563814757655
1667.1899999999998 -0.0058070487212986835 0.0009955748250571473
1669.17 -0.006249849070609191 0.0013451813207031318
1671.1500000000003 -0.006860929741927164 0.0013097711492859067
1673.13 -0.007157964860962176 0.0018899657156543528
1675.11 -0.006490204113481203 0.0009343242849660384
1677.09 -0.006967244712779393 0.0009462092097085104
1679.07 -0.005452609183520338 0.0010473766745077934
1681.04 -0.0065455038575686275 0.0014016465007954716
1683.0199999999998 -0.007087219641727115 0.0016384239568796334
1685.0 -0.005769781704207164 0.0013065765253425015
1686.97 -0.0074248559042254915 0.0012072718519652449
1688.95 -0.006266336555085801 0.0013016173219139596
1690.92 -0.005344260440807697 0.0009644593202457107
1692.9000000000003 -0.0051999199014638045 0.0010440133915966814
1694.87 -0.005547322071251365 0.0008758666439411419
1696.8499999999997 -0.006421994973247527 0.0012833541860966583
1698.82 -0.006281795737922422 0.0007268379020735887
1700.79 -0.005837111650434816 0.0007252133583955199
1702.7699999999998 -0.0054975085890590645 0.0009958881471257427
1704.74 -0.005771024822171234 0.0010979369555169565
1706.71 -0.006185800564383503 0.001286291369187071
1708.68 -0.006232659923762589 0.0017402849505568842
1710.6500000000003 -0.006008948712920172 0.0009573958683827033
1712.62 -0.006581360672698927 0.0014658858932912408
1714.59 -0.006119540337706629 0.001176811684291779
1716.5600000000002 -0.005980847083073069 0.0011419788633188646
1718.53 -0.00642873078873987 0.0013950340122606323
1720.5 -0.006347839736967408 0.0013370516999931016
1722.47 -0.006265589568561206 0.0012583039828678872
1724.43 -0.005877245579590439 0.0010843049353387098
1726.4000000000003 -0.00571691566913859 0.0011403071781618149
1728.37 -0.006181067270601592 0.0012873469644693362
1730.33 -0.006305787386957665 0.0009888733223278852
1732.3 -0.005480871663520698 0.0012031699282479516
1734.2699999999998 -0.0066551105333793195 0.001406669395070872
1736.2300000000002 -0.006152410647526707 0.0011515489940206237
1738.2 -0.005802892758276256 0.0008409425943672746
1740.16 -0.00697739645080338 0.0010517773057152516
1742.12 -0.005945032352855494 0.0015031637060155245
1744.09 -0.006522078053719789 0.0013963252208142691
1746.05 -0.006039692137950564 0.0008917340405140099
1748.01 -0.006152264429950212 0.0013882633230672978
1749.97 -0.005323955237667539 0.0010429815744225303
1751.9399999999998 -0.005558629439584485 0.0014219249389824282
1753.9000000000003 -0.006107381018446957 0.0008227565870188523
1755.86 -0.006886078949027097 0.0016359445452769031
1757.82 -0.004781681659198278 0.001369119351918923
1759.78 -0.005904661622584568 0.0011986310190378053
1761.74 -0.006902285715624593 0.0016221611757677651
1763.7 -0.007776898064108469 0.0010397793995594736
1765.66 -0.0063656553272816024 0.001090706606085443
1767.62 -0.005591574171493141 0.0010692464782928884
1769.57 -0.0036740119137487546 0.0016341061733071867
1771.53 -0.006264857875520326 0.0012884924889140776
1773.49 -0.0060297798340592694 0.0014056678893989427
1775.45 -0.005937735215585019 0.0011719085033959108
1777.4000000000003 -0.00759336529162249 0.001731027693906011
1779.36 -0.005888542606821815 0.0011927875231653303
1781.3100000000002 -0.006091727552946948 0.001221742322232427
1783.2699999999998 -0.005453539989095904 0.0007140051057175338
1785.22 -0.004526293268830521 0.001264352443084776
1787.18 -0.0045404340253222845 0.0012298127163315174
1789.13 -0.006620850657722902 0.0008092348347562072
1791.08 -0.006339570872521545 0.0007658514105802617
1793.04 -0.006987786030867221 0.0007394714443027965
1794.99 -0.004461978739850316 0.0010808580719378277
1796.9399999999998 -0.00581841482789984 0.0010902078421442256
1798.89 -0.004930466380491667 0.0012184761792314032
1800.84 -0.00539311776269832 0.0005794278655702658
1802.79 -0.006410663466190403 0.0009316642169262429
1804.74 -0.005209391788326669 0.0014011942508180086
1806.6899999999998 -0.0050177092611644785 0.001058826419910526
1808.64 -0.005984024198161637 0.0007795687441290558
1810.59 -0.004755317568742116 0.001012276072450155
1812.54 -0.005850663947322654 0.0011119259749004186
1814.49 -0.007457277978637082 0.001801986246573969
1816.4399999999998 -0.005923642513051347 0.0012578224081188432
1818.38 -0.0058143442590815496 0.0012723991153640204
1820.33 -0.006282357134496492 0.0012180616283817374
1822.28 -0.0052919669406954195 0.0012694242577499153
1824.22 -0.005379588107268005 0.001020856061054419
1826.17 -0.0056629980407658514 0.0008404354482871392
1828.12 -0.004994502069337363 0.0013138106244081754
1830.0600000000002 -0.006068691454711706 0.0009265712059805055
1832.0 -0.005392735766816588 0.0012817376291623763
1833.95 -0.0059489076596576165 0.001411089513818316
1835.89 -0.005867530835486151 0.001264738589264654
1837.83 -0.006870792386803985 0.0009862249890392966
1839.78 -0.004988010901335591 0.0010299614332776824
1841.72 -0.0072252512917111945 0.001188033006364549
1843.66 -0.005420535868403575 0.0013570921508528017
1845.5999999999997 -0.0064914537788977105 0.0015742517952748172
1847.54 -0.0069831214610008435 0.0016659645452051645
1849.4800000000002 -0.005859865888637585 0.001119734886527803
1851.42 -0.006236509765949899 0.0016762150778760639
1853.36 -0.005564453688262365 0.0011587178856961834
1855.3 -0.004850838283567189 0.0011116658540637422
1857.24 -0.005768231701320254 0.0007915463271121812
1859.18 -0.005622125128800291 0.001198613291742824
1861.12 -0.006180908233946135 0.0014434101182975348
1863.0600000000002 -0.007366451512567575 0.0011206669799868276
1864.99 -0.005838732101073926 0.0013455302468192959
1866.93 -0.005306718915745331 0.0010945644559516925
1868.87 -0.0049462711239675545 0.0012744439865380853
1870.8 -0.00561120290411805 0.0016231911826826958
1872.74 -0.005968203262829965 0.0014374105515005398
1874.67 -0.005897681361032171 0.0014188839551972094
1876.61 -0.0053201922722302545 0.0015029711332424911
1878.54 -0.006003539956012489 0.0014982853774864141
1880.4800000000002 -0.00584860542838462 0.0010110671027766486
1882.41 -0.004649589998799073 0.0008965248930821633
1884.34 -0.006521592607301727 0.0009881169525266127
1886.2699999999998 -0.005719459534696369 0.001310392021756039
1888.21 -0.005698697370924988 0.0011742161535149558
1890.14 -0.005955465222920481 0.0010007061885408338
1892.07 -0.004689835618741944 0.0013762789620179905
1894.0 -0.005598905593931587 0.0017565463829558516
1895.93 -0.006497386630330305 0.001334859764205356
1897.86 -0.006728121195991842 0.0014231732168332003
1899.79 -0.005481725573347219 0.0011643433664624571
1901.72 -0.003257717365410499 0.0014647090017310812
1903.6500000000003 -0.0062659262320291995 0.0009088253507667619
1905.58 -0.005391648301527652 0.0013102472924829596
1907.51 -0.004760932463481328 0.001244981975417582
1909.43 -0.0038886253961844808 0.0008657734184102416
1911.36 -0.003649041675786962 0.0010566513191899278
1913.29 -0.004455273850493658 0.0013033310896436812
1915.21 -0.00395692555298235 0.0009131856054985735
1917.14 -0.0052286830311975225 0.0019679664502729693
1919.0600000000002 -0.003680528287515434 0.000902429331723062
1920.99 -0.004242718433123798 0.0009895651179645376
1922.91 -0.0049604403749556785 0.001015543509165426
1924.84 -0.003960880267432789 0.0014453699351777887
1926.76 -0.005380922294451616 0.0013715146266701827
1928.6899999999998 -0.0030541001939514718 0.0012517134773755638
1930.61 -0.004376519777413281 0.00141438027263848
1932.53 -0.0025331106670845303 0.0009003484520341097
1934.45 -0.0042102740683619315 0.0014400019588323117
1936.37 -0.005436885078290757 0.0015384476871916732
1938.3 -0.004030701087094178 0.0011261567582338194
1940.22 -0.004019166788175474 0.0009116482417424729
1942.14 -0.0035795310148156487 0.0007165009064655694
1944.0600000000002 -0.0033574843721709646 0.001570828212233342
1945.9800000000002 -0.004357341336300402 0.000973336424125832
1947.9000000000003 -0.003976203717731992 0.0011015525204318096
1949.8100000000002 -0.0038819283317268333 0.0011336263063297545
1951.7300000000002 -0.0045357698997005105 0.0013058162305889327
1953.6500000000003 -0.004332654710358301 0.0011688224866358695
1955.57 -0.0038116944800701447 0.0009467257437640124
1957.49 -0.003737020823285409 0.0008843925708545055
1959.4000000000003 -0.004112447595155816 0.0008768826163611985
1961.32 -0.004726879422310817 0.0010772744212473127
1963.2300000000002 -0.0024225895214500547 0.0008696030953696043
1965.1500000000003 -0.0041638126971207 0.0015386634955261377
1967.0600000000002 -0.004414559658211164 0.0012603625194201
1968.9800000000002 -0.003363004299478747 0.001185769155339358
1970.89 -0.0042064722437206116 0.001104996015483728
1972.8100000000002 -0.003984089128177029 0.0012732278791688265
1974.72 -0.004108006561281594 0.001035165139941995
1976.63 -0.0032486513831114765 0.0014565534243562593
1978.55 -0.005577949197532649 0.001141813478969319
1980.46 -0.0025132851671904118 0.0012313870978876566
1982.37 -0.0037380142167179812 0.0005945906953626931
1984.28 -0.00464056558756648 0.0009272567687264409
1986.1899999999998 -0.0025407667211944404 0.0011368781259513169
1988.0999999999997 -0.0036438118314637297 0.001131442147915107
1990.01 -0.003192549786704156 0.0014744110576534956
1991.92 -0.0034300759214187823 0.0007267287576936967
1993.83 -0.0034742893482347715 0.0010843884248873169
1995.74 -0.002882909504799592 0.0007832417927207854
1997.6500000000003 -0.0033805976886681793 0.0011375389396213347
1999.5600000000002 -0.00206931603082691 0.001228526638516384
2001.46 -0.004732876630251642 0.001636328324841706
2003.37 -0.00328583799880719 0.001194484675014349
2005.28 -0.002553801096524775 0.0009549371043127496
2007.18 -0.0027443631696385563 0.002073167426525514
2009.09 -0.0025975743099698714 0.0011478078165967844
2010.99 -0.002176178019701634 0.0010191671056027979
2012.9000000000003 -0.0032925907640313653 0.0007686096074840603
2014.8 -0.0021100207886499945 0.0014851606570487827
2016.71 -0.0016871880900614436 0.0013001833118547867
2018.61 -0.002884741696700189 0.0008363931776194689
2020.5199999999998 -0.001511522313156869 0.0008812060421106504
2022.42 -0.0009798083475182574 0.0014695620096043943
2024.32 -0.0025694721167855154 0.0015038734082559377
2026.22 -0.003062459415417737 0.0011403098076323052
2028.13 -0.002155210241758626 0.0009008256341800795
2030.03 -0.0010270419986282853 0.0006828436969332834
2031.93 -0.002181161347843018 0.0011333563679674964
2033.83 -0.0013350678409185049 0.0012479901204168785
2035.7300000000002 -0.001207844288873196 0.0008332096925010945
2037.63 -0.0016756470184685756 0.0011624915794095538
2039.53 -0.0012634114343175627 0.0010687255107880733
2041.42 -0.0013876751036008695 0.0010042558142833353
2043.32 -0.003253303615767053 0.0006677284941095514
2045.22 -0.0016125869967850166 0.001769972474026058
2047.12 -0.0006783171461046317 0.0011970994416934668
2049.02 -0.002648834406345578 0.0009401263830618943
2050.91 -0.001544540479414781 0.0010394975620406463
2052.81 -0.001173751369372621 0.0009292270855369221
2054.7 -0.0014645233712415658 0.0009165965396838186
2056.6 -0.0010668047675837968 0.000536237443628856
2058.5 -0.0016292102341319526 0.0014072470138422803
2060.39 -0.0004003266566020274 0.0009748641384225934
2062.29 4.56432045380762e-05 0.0007533707107857643
2064.18 -0.0013219652632169288 0.0009169177603677182
2066.07 -0.0015505198584388161 0.001012194521137159
2067.96 0.00021408065542612124 0.0006561169629366704
2069.86 -0.0003895215572875447 0.0010071782285099396
2071.75 -0.0017366291637245814 0.0012504606650121733
2073.64 -0.0003494684701282466 0.001245625882604739
2075.53 -0.00035736154266360784 0.0014150955361455035
2077.42 -0.0004591627426249283 0.0017315839293148788
2079.31 0.0012627404403789514 0.00096239609557433
2081.2 -0.0006813571428342374 0.0008360707702475757
2083.09 0.0001926747143888805 0.0011344453737524207
2084.98 -0.001700371364350177 0.0014739815042939643
2086.87 -0.0006395004241251227 0.0009019659938670988
2088.76 0.0009184728709057674 0.0010249652500931047
2090.65 -6.781849469621991e-05 0.0018372003808522412
2092.54 -0.001375416385640314 0.0012044468833814273
2094.42 -0.00015328852030292335 0.0007678647447221989
2096.31 -0.0007821475874046402 0.0010735408884878122
2098.2 3.342192866309411e-05 0.0007760733086813358
2100.08 -0.0009047751428536277 0.0013567882530763022
2101.97 0.000993188787174774 0.0010428613572697825
2103.85 -0.00080913822805736 0.001165895284908313
2105.74 0.0017792746539733722 0.0012993443604947706
2107.62 6.767266668734916e-05 0.0008736435992485712
2109.51 0.00038167838370993436 0.0008408115736541806
2111.39 -0.000366973724739342 0.0009726956712897279
2113.27 -0.00012941878604409953 0.0013896980646320072
2115.16 -0.00016640053825138005 0.0015953660046718
2117.04 0.0001911962090495171 0.001063098205138754
2118.92 -0.0011830640647988338 0.0008930331309513743
2120.8 -0.00021356450828523166 0.001221926317252416
2122.68 -0.0006027021526409233 0.0012274499566486798
2124.56 0.001221349145142041 0.0007250653307925844
2126.45 -0.0005297626378939432 0.0008309341673002259
2128.33 -0.0007588115811922522 0.0008629341314662107
2130.21 0.0007933049106009738 0.001160130795810883
2132.08 -0.0005785347463554666 0.001317662567835589
2133.96 -0.0009157773291118346 0.0014188212962597299
2135.84 -0.00036619216573889244 0.0005524607775429203
2137.72 -0.0006829803916209563 0.0012234877773941372
2139.6 0.00016511463270770066 0.0011925249252615242
2141.47 9.824624106154164e-05 0.0008329219122078607
2143.35 0.0005309476063201107 0.0015110042869276965
2145.23 -0.0010259195126232868 0.0012487311908553323
2147.1 -0.0008154889980258889 0.0007551188385481147
2148.98 0.001394939033534869 0.0010940045902512634
2150.85 0.0007034061953543249 0.0019086375950443882
2152.73 -0.0004246738846580547 0.0009709592843525428
2154.6 -0.0006787523627326663 0.001317480776185258
2156.47 -0.001298263217993971 0.001179646095887104
2158.35 0.00026460150868325535 0.0008639130259717804
2160.22 0.0017934489043743753 0.0011949760338496281
2162.09 -0.0012715322878190983 0.0011805469242081115
2163.97 0.0014471934107770056 0.001206821006828631
2165.84 0.00014336912280168848 0.0011028065417307436
2167.71 -0.000869259737725751 0.0011664765906573434
2169.58 -6.295114169550028e-05 0.0012373984891851364
2171.45 0.0010265534943498496 0.0007853535610133951
2173.32 0.0008008888402811215 0.0009680118497053175
2175.19 0.00011760204414609878 0.0012207483391565518
2177.06 -0.0013949952150327117 0.0008503905067715492
2178.93 0.0014102831031852442 0.0013506077003200634
2180.8 0.00012185441427892882 0.0013118627062202435
2182.67 -0.0008435133400882313 0.0012428683781941562
2184.53 0.00016838390333420204 0.0007922757789829292
2186.4 0.0003638532266512216 0.0009580684221547883
2188.27 0.0008634543014006821 0.0009851973469456184
2190.13 0.0014043827543691195 0.0011005732183706274
2192.0 0.003159218923317841 0.0012867839724930382
2193.87 0.0017579814677737603 0.0007683145012609034
2195.73 0.0022832722807781254 0.000844649044994288
2197.6 0.0025559630161868783 0.00113344005779185
2199.46 0.0010273355412756208 0.0011873975020911087
2201.32 0.0011708596763800978 0.0010002562218576834
2203.19 0.002089666059697975 0.001149797517805189
2205.05 0.001798585308228809 0.0008625009007981605
2206.91 0.0010811630124423967 0.0008044785558422434
2208.78 0.0006601147950359795 0.0010130390205678418
2210.64 0.0041221081374473965 0.0010360291360881288
2212.5 0.001302827078130203 0.001278332031579464
2214.36 0.0014770062857785125 0.0012431548415824886
2216.22 -4.0114176136133696e-05 0.0020340727383201603
2218.08 0.0019898197343348975 0.001342282086228436
2219.94 0.0017096007305751448 0.0009698377867417629
2221.8 0.0017149046196187907 0.0010973923939710337
2223.66 0.002540276707458188 0.001335321204680982
2225.52 0.0007153402045611794 0.001754089990813957
2227.38 0.0017659300259091585 0.0009387513080893068
2229.23 0.001658178995280636 0.0012649038322314246
2231.09 0.0016519250707782707 0.0011002494643143925
2232.95 0.00210719107139712 0.001129895249591464
2234.81 0.0009457986190743063 0.0012380110055214887
2236.66 0.0017915042560332857 0.0008618923651815305
2238.52 0.0013032734530555965 0.0009090099611150144
2240.37 0.0034682345304283325 0.001396315843423033
2242.23 0.001362778616240459 0.001058981784577802
2244.08 0.0015590276374810059 0.0009561944385441229
2245.94 0.0018291029120646788 0.0011748493833659255
2247.79 0.0036376453030311333 0.0010710152982564586
2249.64 0.002822390010130793 0.0010643782666533684
2251.5 0.0014721564320062735 0.0010149936605914147
2253.35 0.0010793624963544508 0.0014572821699844372
2255.2 0.0019552617780514334 0.0012705879789379128
2257.06 0.0016700615435728747 0.0014782750708509278
2258.91 0.002420981470702415 0.0012734295068693691
2260.76 0.005362773561812382 0.0019512016559768673
2262.61 0.001937477498190715 0.001673680484007476
2264.46 0.0033607113691418752 0.0014158058573350042
2266.31 0.0018359069017217563 0.0016716375968932693
2268.16 0.002078617403395896 0.0007239114575018822
2270.01 0.0010569636875855054 0.0005982113900598826
2271.86 0.0030139797010953523 0.001528936613953715
2273.7 0.0016013146355899164 0.001393503163127265
2275.55 0.0008919922712727607 0.0009182549162648707
2277.4 0.0016334155859635926 0.0011212271906463403
2279.25 0.0031713896264049268 0.001797238702456506
2281.09 0.0023519245206113535 0.0008215464022397837
2282.94 0.0018975015230276318 0.0011495125446382363
2284.78 0.0013524018939226497 0.0017802455423150494
2286.63 0.0033884465449182184 0.001079826650495898
2288.48 0.002462747705661327 0.0008548900993867845
2290.32 0.001131713307399674 0.0010939692190438785
2292.16 0.0019319365022852017 0.0009699168478221001
2294.01 0.0011809426241900138 0.0007084130038589637
2295.85 0.0023822690500258214 0.0016723389365155348
2297.7 0.0025602725275710703 0.0009523725149435028
2299.54 0.0002116677029593731 0.0014231737829804865
2301.38 0.002963181030341508 0.0015420677770809164
2303.22 0.0017612144147417803 0.0013278660192366624
2305.06 0.00025472165708980636 0.000786985192696575
2306.9 0.0007628091148314972 0.001386326330505341
2308.74 0.0003853736982315109 0.0014585717074941794
2310.59 0.001204084365941451 0.0015332629416544756
2312.42 0.0031120762848490563 0.0013458184890282946
2314.26 -0.00041994192014962453 0.0020272729776078646
2316.1 0.0010790283597376879 0.0009544478795894558
2317.94 0.00164817392088216 0.001925694539570411
2319.78 0.0007806507730727944 0.0013241958432267749
2321.62 0.0011384560479335256 0.0011233638671155296
2323.46 0.0016697954810569945 0.0014571162955200132
2325.29 0.00020016403853096844 0.0009455942846857044
2327.13 0.003182578519610359 0.001324264943536885
2328.97 0.0008243999317245586 0.0009335427461557444
2330.8 0.0006869202357648083 0.0009395099289218481
2332.64 -0.0004582076291674497 0.0012767845061747865
2334.47 -0.0007970178461324156 0.000988696056700068
2336.31 0.0007617497546688021 0.0011483547151724938
2338.14 -0.00081571839856931 0.0009038877040902224
2339.97 0.0009302504000504385 0.0009958688597500717
2341.81 -0.000505522247600937 0.0012301539063226067
2343.64 0.00045805842865913153 0.0015462185370910349
2345.47 0.0003284534858756403 0.001378515795957512
2347.31 0.0008977787165653519 0.0012135674330524821
2349.14 0.0005934141249186732 0.0011014913209168875
2350.97 1.1332708196580771e-05 0.001187665895204715
2352.8 0.000350286572113222 0.001433351352318323
2354.63 -1.9336193527016575e-05 0.001987929190426811
2356.46 0.0005058995519529324 0.0008234684642660049
2358.29 -3.1457447849028045e-05 0.000942474444314665
2360.12 0.000831829637221024 0.0008926734074236856
2361.95 0.0001377640484276232 0.0014847717249283163
2363.78 0.001339188642440066 0.0014364852624069605
2365.61 0.0010715060897377169 0.001296379588245746
2367.43 0.001037365058548282 0.0015094928429176867
2369.26 0.0015439357778328272 0.001305672851233733
2371.09 0.0010288325089440953 0.0012775192181763697
2372.91 -0.00010035565549733772 0.0010378338860958806
2374.74 -0.0009627018608050708 0.0014444645473815447
2376.57 0.0015438737417298107 0.0009213091141983466
2378.39 0.0007294219325838515 0.001654114758678462
2380.22 0.0006209671757834149 0.0011054725558865158
2382.04 0.0005385724571805614 0.0019430099747302116
2383.87 0.000264517182697731 0.0010623873064670502
2385.69 0.0014155834717718915 0.0010395807390501872
2387.51 9.955844235228575e-05 0.0012080480296828295
2389.34 -0.0009903305666143893 0.0009413524389190097